 
Evaluation for model KNClassifier_neighbour_4_weight_distance

Confusion matrix -> 
[[ 973    1    1    0    0    1    3    1    0    0]
 [   0 1132    2    0    0    0    1    0    0    0]
 [  10    5  995    2    1    0    0   16    3    0]
 [   0    1    3  974    1   14    1    7    4    5]
 [   1    5    0    0  950    0    4    3    0   19]
 [   4    0    0    9    2  862    7    1    3    4]
 [   4    2    0    0    3    3  946    0    0    0]
 [   0   17    4    0    3    0    0  994    0   10]
 [   5    2    4   14    5   11    4    4  920    5]
 [   3    4    2    7    9    4    1   10    1  968]]
Precision -> 0.9715597201945959
Recall -> 0.9710823052664403
F1 score -> 0.971224084176584